0 0.497594 0.479417 0.116875 0.376417
0 0.517172 0.823833 0.214969 0.238417
38 0.434531 0.4055 0.049063 0.053833
0 0.221953 0.1695 0.033906 0.033917
0 0.443125 0.141979 0.035188 0.082792
0 0.471422 0.153313 0.027469 0.060208
0 0.494391 0.157646 0.024656 0.053125
0 0.600484 0.159208 0.035594 0.04925
0 0.887797 0.383083 0.073844 0.157583
0 0.569125 0.146313 0.02575 0.073125
0 0.328625 0.145604 0.027438 0.063292
0 0.926969 0.346625 0.031875 0.176
0 0.363141 0.165812 0.031156 0.025542
0 0.958938 0.182333 0.031313 0.038083
0 0.498438 0.497917 0.996875 0.995833
