2 0.603969 0.206812 0.252406 0.096292
2 0.761641 0.203323 0.126812 0.097438
0 0.111234 0.646927 0.198875 0.449437
0 0.770219 0.41124 0.09775 0.274146
0 0.686805 0.279771 0.062359 0.2045
0 0.040453 0.426969 0.080906 0.274146
0 0.411859 0.367542 0.112625 0.31075
0 0.836633 0.376708 0.093516 0.351958
0 0.358047 0.121729 0.045125 0.055667
0 0.586211 0.367729 0.108141 0.269625
0 0.921281 0.362313 0.0785 0.389292
0 0.970969 0.331219 0.058062 0.262521
18 0.582313 0.557552 0.097531 0.157104
0 0.627 0.20226 0.040438 0.076521
0 0.45932 0.277938 0.062547 0.140708
0 0.462266 0.192188 0.045625 0.060833
0 0.499219 0.48125 0.998438 0.9625
