72 0.501453 0.517042 0.301469 0.497746
41 0.250227 0.624566 0.036078 0.063873
41 0.210625 0.661033 0.052469 0.058545
45 0.227 0.77135 0.114625 0.10115
45 0.385883 0.694002 0.119891 0.077019
26 0.70243 0.582441 0.084828 0.346103
0 0.178375 0.489214 0.139844 0.372465
0 0.320844 0.4573 0.136125 0.45169
0 0.901742 0.635129 0.175391 0.704953
24 0.939367 0.566573 0.121266 0.224977
41 0.224281 0.710505 0.024219 0.040399
41 0.276281 0.699765 0.026281 0.069014
43 0.053297 0.702242 0.106594 0.027394
73 0.747438 0.584777 0.093906 0.109601
0 0.976883 0.430763 0.046234 0.189413
0 0.773328 0.644941 0.188469 0.710117
0 0.924352 0.360892 0.098328 0.245164
41 0.300031 0.664519 0.024938 0.065141
41 0.279195 0.652958 0.018734 0.036338
69 0.028344 0.5877 0.056688 0.166761
0 0.07175 0.470129 0.1435 0.410399
60 0.169594 0.793345 0.339188 0.41331
41 0.270055 0.706948 0.022922 0.049061
