32 0.256234 0.546469 0.016219 0.024779
32 0.28157 0.406713 0.027578 0.043217
38 0.582367 0.229918 0.029922 0.051305
0 0.520516 0.402611 0.226375 0.505921
0 0.112328 0.377855 0.157938 0.310023
0 0.19293 0.119499 0.065297 0.062075
0 0.274617 0.111026 0.058797 0.075245
0 0.348438 0.108089 0.062719 0.082611
0 0.426938 0.099732 0.060969 0.094895
0 0.506719 0.073322 0.089875 0.145804
0 0.275703 0.072331 0.074719 0.132028
0 0.197359 0.077517 0.074719 0.138811
0 0.114969 0.11169 0.07 0.08296
0 0.502188 0.108695 0.072875 0.081352
56 0.050672 0.134091 0.06425 0.027389
56 0.222469 0.074499 0.0335 0.084662
56 0.049023 0.115851 0.063359 0.048345
0 0.120766 0.07162 0.085125 0.142075
0 0.44468 0.087506 0.040172 0.116364
0 0.5 0.287879 0.996875 0.575758
