5 0.399063 0.759531 0.290063 0.176021
5 0.099898 0.697156 0.199797 0.117979
5 0.429523 0.602354 0.138547 0.055917
5 0.675039 0.631687 0.179078 0.045167
5 0.632156 0.587344 0.135438 0.026562
5 0.741484 0.62075 0.129156 0.061167
5 0.579039 0.616115 0.151203 0.044104
5 0.225211 0.568417 0.087484 0.040833
5 0.579398 0.568729 0.100766 0.03975
5 0.477438 0.561448 0.1 0.027771
5 0.803016 0.60226 0.076156 0.067271
5 0.298922 0.596375 0.142156 0.047
5 0.340984 0.571229 0.111875 0.016417
5 0.514062 0.563542 0.4125 0.09375
