17 0.496461 0.62548 0.615766 0.710913
17 0.286242 0.550539 0.239609 0.606464
2 0.737336 0.313642 0.103859 0.08274
2 0.083039 0.331183 0.122234 0.080679
2 0.060859 0.322096 0.024438 0.031405
2 0.021516 0.344321 0.042563 0.0826
2 0.078344 0.319766 0.021781 0.033583
0 0.542 0.366288 0.199406 0.674169
0 0.358297 0.2287 0.094281 0.223208
7 0.871078 0.5 0.257844 0.402248
7 0.681188 0.296335 0.121094 0.102693
7 0.099648 0.392201 0.154234 0.228571
2 0.487508 0.2737 0.075828 0.03171
2 0.98582 0.275878 0.028359 0.049742
