39 0.260398 0.771344 0.022891 0.089938
39 0.461609 0.673646 0.021906 0.075375
39 0.988203 0.647563 0.023594 0.090292
57 0.144664 0.762927 0.286109 0.450437
57 0.871055 0.639031 0.241078 0.211354
0 0.557023 0.541573 0.581453 0.894396
0 0.75425 0.607708 0.34525 0.761917
63 0.521781 0.668833 0.11225 0.09
65 0.797453 0.253094 0.045031 0.072063
65 0.52168 0.32326 0.021672 0.013854
63 0.247375 0.746781 0.071438 0.087813
65 0.202281 0.782229 0.033656 0.032042
73 0.576945 0.469604 0.005266 0.02725
73 0.538938 0.59925 0.041531 0.045042
73 0.578984 0.598635 0.006031 0.038021
73 0.563086 0.596833 0.008609 0.037042
73 0.591047 0.554198 0.005281 0.034479
65 0.732719 0.439677 0.014375 0.025937
65 0.893813 0.358344 0.022469 0.028313
65 0.8285 0.153656 0.030906 0.026021
73 0.522609 0.554917 0.010719 0.034125
