58 0.112242 0.576958 0.023547 0.038254
58 0.110063 0.470845 0.031094 0.286986
62 0.056672 0.427141 0.113344 0.392479
56 0.328234 0.657211 0.209906 0.386817
57 0.899875 0.782338 0.20025 0.415944
73 0.596227 0.686887 0.007266 0.060254
73 0.588266 0.688225 0.00575 0.057296
73 0.589703 0.605268 0.007156 0.078085
73 0.56143 0.682338 0.010891 0.068789
73 0.570281 0.60669 0.008031 0.077493
73 0.564437 0.609817 0.004562 0.070901
73 0.58357 0.605592 0.006578 0.080761
73 0.55918 0.602718 0.080328 0.088535
73 0.489156 0.607423 0.006969 0.07693
73 0.478922 0.609521 0.005438 0.074028
73 0.567953 0.685563 0.004938 0.06493
73 0.580547 0.681944 0.004 0.067944
73 0.572352 0.522789 0.006047 0.065408
73 0.510938 0.598592 0.175 0.24507
