0 0.19547 0.565166 0.37902 0.833705
0 0.51106 0.626958 0.38348 0.71012
0 0.84678 0.662545 0.29992 0.656175
54 0.46015 0.218554 0.0825 0.072892
54 0.47595 0.150587 0.0739 0.076898
54 0.33671 0.163946 0.05126 0.032229
54 0.12364 0.165226 0.06836 0.080873
54 0.54433 0.157108 0.06942 0.073675
54 0.31628 0.414066 0.0752 0.071386
54 0.76144 0.193238 0.05908 0.041416
54 0.97713 0.374849 0.04574 0.03506
54 0.92441 0.434096 0.05746 0.032831
54 0.71113 0.213148 0.04954 0.039608
54 0.6865 0.155753 0.0504 0.038193
54 0.87459 0.172364 0.05102 0.038645
54 0.488 0.454819 0.976 0.909639
