32 0.363914 0.107219 0.02289 0.016219
38 0.424361 0.138938 0.036848 0.146375
0 0.54803 0.472945 0.262154 0.557766
0 0.162811 0.181688 0.131821 0.15075
0 0.478888 0.117383 0.086462 0.145172
0 0.73669 0.086203 0.087145 0.172406
0 0.8612 0.242922 0.08944 0.076813
0 0.759475 0.229102 0.106095 0.097234
0 0.649956 0.218844 0.104151 0.107594
0 0.552583 0.191758 0.100193 0.128703
0 0.460972 0.181852 0.113222 0.137703
0 0.351016 0.186898 0.109282 0.161359
0 0.045412 0.175719 0.090823 0.125406
56 0.953056 0.2645 0.093888 0.036188
56 0.957198 0.22718 0.085429 0.070891
56 0.947119 0.147328 0.093187 0.04625
56 0.748581 0.155117 0.093065 0.064109
56 0.82676 0.146227 0.05352 0.041578
56 0.648555 0.146141 0.091856 0.054844
56 0.548485 0.258367 0.092102 0.025547
56 0.448511 0.258203 0.095762 0.028125
56 0.347618 0.255164 0.096392 0.026828
56 0.652977 0.216016 0.092785 0.052219
56 0.045814 0.24743 0.090963 0.031891
56 0.145849 0.249234 0.095306 0.034313
0 0.559886 0.124844 0.094623 0.162469
56 0.246349 0.254445 0.096165 0.026078
0 0.24845 0.189961 0.103065 0.154547
0 0.564799 0.134375 0.723292 0.26875
