26 0.730297 0.804312 0.033938 0.100083
26 0.409336 0.786979 0.030547 0.035708
26 0.618234 0.797281 0.035156 0.092646
28 0.364438 0.858083 0.050938 0.06625
0 0.628281 0.825531 0.073031 0.272021
0 0.534023 0.81251 0.044391 0.233729
0 0.41768 0.790625 0.047609 0.217125
0 0.266734 0.731125 0.058 0.109875
0 0.308953 0.746271 0.024094 0.168333
0 0.377461 0.694833 0.025109 0.056792
0 0.420602 0.684771 0.024172 0.057875
24 0.044977 0.730042 0.030016 0.038333
0 0.189281 0.770281 0.044531 0.197063
0 0.720984 0.843583 0.068312 0.258375
0 0.10657 0.729667 0.064703 0.1115
7 0.095367 0.872833 0.183328 0.21975
26 0.22093 0.727333 0.015828 0.05975
0 0.215195 0.69374 0.031359 0.076271
0 0.23393 0.764656 0.046109 0.198521
0 0.292945 0.770875 0.035297 0.1835
24 0.756789 0.740167 0.003891 0.046417
26 0.390711 0.74151 0.022234 0.058688
26 0.139102 0.70924 0.025703 0.049063
26 0.665719 0.783656 0.026625 0.079813
26 0.307461 0.760719 0.021047 0.037812
26 0.686555 0.884719 0.034047 0.049229
0 0.499219 0.75625 0.998438 0.391667
