2 0.030336 0.480896 0.060672 0.089875
2 0.111555 0.473458 0.102828 0.082792
2 0.748422 0.45051 0.077938 0.036521
7 0.429781 0.448313 0.448313 0.40225
7 0.893891 0.489219 0.2005 0.185438
9 0.766781 0.274094 0.014125 0.032479
9 0.92632 0.250344 0.020172 0.045188
9 0.797141 0.371479 0.009844 0.0205
0 0.194016 0.553219 0.093344 0.299479
2 0.65282 0.449823 0.037828 0.028229
2 0.794289 0.449646 0.085203 0.038917
9 0.707531 0.35475 0.01125 0.028958
9 0.780516 0.370479 0.013625 0.019875
9 0.684227 0.375063 0.017359 0.020958
2 0.710875 0.445115 0.08025 0.046021
