58 0.36843 0.61791 0.080547 0.192732
62 0.080563 0.569667 0.161125 0.379762
57 0.729977 0.78171 0.393766 0.43658
58 0.50043 0.685071 0.031484 0.076081
58 0.448898 0.688207 0.036422 0.093373
58 0.771047 0.217886 0.140906 0.218575
58 0.912805 0.253254 0.158172 0.229216
73 0.085305 0.962933 0.047453 0.074133
73 0.08368 0.916295 0.061953 0.107933
73 0.082266 0.913112 0.058094 0.097625
73 0.069094 0.887589 0.053594 0.08867
73 0.074883 0.897031 0.057141 0.089406
73 0.074492 0.911781 0.052984 0.088076
75 0.38125 0.675095 0.040719 0.079929
58 0.417539 0.712518 0.025141 0.043183
