25 0.708854 0.413789 0.307 0.097734
25 0.25976 0.445375 0.159146 0.034438
2 0.389594 0.503664 0.114604 0.050047
2 0.331521 0.48318 0.074375 0.039172
26 0.795792 0.613914 0.056792 0.105422
1 0.983479 0.629203 0.033042 0.081594
0 0.721781 0.62418 0.153896 0.336484
0 0.07451 0.776063 0.146062 0.447875
2 0.595323 0.488984 0.115812 0.031938
25 0.120708 0.451547 0.09475 0.022312
25 0.630635 0.647813 0.053354 0.105594
56 0.914 0.631102 0.080542 0.090141
60 0.873687 0.641047 0.128792 0.108813
0 0.068323 0.532477 0.088354 0.149922
24 0.316021 0.498289 0.015333 0.046391
24 0.295646 0.51443 0.062917 0.066516
25 0.343708 0.580977 0.03975 0.083109
25 0.652427 0.654781 0.062687 0.141031
0 0.292333 0.554094 0.098417 0.186125
