62 0.434523 0.488204 0.261766 0.341573
62 0.695187 0.772723 0.174656 0.241737
73 0.4285 0.877394 0.003844 0.099859
73 0.479977 0.75216 0.079453 0.017089
73 0.507828 0.958216 0.016063 0.02615
73 0.488344 0.867805 0.009156 0.099836
73 0.477969 0.8725 0.0095 0.096315
73 0.558297 0.861338 0.011469 0.089061
73 0.453219 0.878286 0.023938 0.098873
57 0.909086 0.904131 0.180203 0.191737
73 0.538016 0.860634 0.010781 0.094507
73 0.539883 0.95311 0.005297 0.030446
73 0.512781 0.867289 0.012 0.092887
73 0.397594 0.961197 0.038781 0.029671
73 0.52743 0.86493 0.007547 0.088075
73 0.468273 0.872676 0.008453 0.094742
