32 0.705467 0.19626 0.02991 0.0202
0 0.367244 0.6378 0.074127 0.14316
0 0.101009 0.35234 0.068163 0.06536
0 0.145798 0.38125 0.043163 0.01926
0 0.045693 0.48812 0.087771 0.04892
38 0.682108 0.25118 0.03012 0.14972
0 0.415422 0.38902 0.079458 0.04168
0 0.911461 0.63285 0.052861 0.08762
0 0.012952 0.48433 0.025663 0.04726
0 0.261024 0.63242 0.121386 0.15476
0 0.48122 0.39432 0.053042 0.0402
0 0.399247 0.39599 0.041386 0.02434
0 0.340678 0.40343 0.076416 0.03934
0 0.202756 0.39188 0.063645 0.04452
0 0.571943 0.59521 0.265813 0.53638
0 0.222892 0.425 0.415663 0.202
