40 0.71693 0.751344 0.048641 0.124187
40 0.935328 0.452187 0.029469 0.082458
40 0.857445 0.400219 0.016859 0.029813
40 0.722609 0.619479 0.041563 0.1425
40 0.260664 0.428531 0.014797 0.024021
41 0.466328 0.615854 0.025344 0.070792
60 0.604539 0.764802 0.775234 0.446187
0 0.847758 0.492135 0.158422 0.395521
0 0.681844 0.449698 0.18975 0.370979
0 0.553672 0.440812 0.12775 0.281458
0 0.473875 0.415375 0.118688 0.25375
0 0.246586 0.424281 0.130953 0.262813
39 0.676008 0.623792 0.060422 0.29375
39 0.506258 0.616812 0.043578 0.202708
39 0.576648 0.515094 0.035484 0.092021
39 0.282914 0.496031 0.028328 0.155729
39 0.3435 0.508833 0.024875 0.135833
39 0.326617 0.52801 0.035328 0.154646
39 0.436672 0.48974 0.025906 0.123938
39 0.537656 0.62851 0.027344 0.205771
40 0.096055 0.554281 0.052516 0.169521
40 0.021563 0.36874 0.038312 0.082979
40 0.071398 0.411406 0.018234 0.039938
40 0.373086 0.57451 0.017672 0.064521
40 0.453914 0.376708 0.013578 0.024292
41 0.384484 0.572635 0.043375 0.070396
0 0.375 0.40749 0.116281 0.204479
0 0.153563 0.50224 0.143063 0.406062
0 0.266047 0.855865 0.532094 0.268021
0 0.235109 0.760677 0.470219 0.438188
40 0.552047 0.360198 0.025344 0.029354
56 0.950492 0.708344 0.099016 0.197687
39 0.575688 0.664052 0.084188 0.206687
40 0.010406 0.65276 0.019156 0.139187
43 0.437547 0.680354 0.071188 0.019417
0 0.895734 0.55274 0.208531 0.354229
40 0.638227 0.324313 0.024672 0.071167
40 0.385156 0.491667 0.051563 0.108333
