45 0.852427 0.161563 0.294854 0.087781
54 0.668958 0.292531 0.071125 0.047375
54 0.692937 0.234836 0.065958 0.048828
54 0.759021 0.241391 0.073042 0.051844
54 0.829354 0.240297 0.072875 0.047125
54 0.899375 0.242258 0.065708 0.047516
54 0.875354 0.299703 0.06175 0.051656
54 0.809427 0.296117 0.076896 0.050359
54 0.735542 0.293391 0.071958 0.05075
54 0.61551 0.341187 0.079104 0.026469
54 0.648135 0.325219 0.070646 0.02925
54 0.555312 0.546281 0.128042 0.059438
54 0.719344 0.331914 0.072896 0.029234
54 0.495083 0.609938 0.13675 0.066563
0 0.683146 0.104492 0.377542 0.204484
54 0.503125 0.45 0.947917 0.5375
