16 0.41697 0.628353 0.0479 0.158743
2 0.12518 0.503234 0.07356 0.041257
2 0.07526 0.513024 0.05896 0.025988
2 0.1315 0.483278 0.09912 0.041228
2 0.18878 0.463338 0.05604 0.034102
2 0.25686 0.450045 0.04244 0.034222
36 0.47563 0.759057 0.05734 0.058713
2 0.05612 0.531991 0.07964 0.062425
2 0.2301 0.53994 0.09916 0.051976
2 0.28207 0.455135 0.0227 0.021647
2 0.04325 0.492754 0.05034 0.01982
2 0.01595 0.546257 0.0319 0.077904
2 0.90545 0.334805 0.02538 0.021766
2 0.96648 0.327904 0.0392 0.022635
0 0.4772 0.518323 0.14356 0.458503
