2 0.096805 0.277167 0.189859 0.1199
3 0.290094 0.556925 0.547844 0.259717
3 0.791523 0.671775 0.416953 0.32215
3 0.057383 0.505792 0.114172 0.165717
5 0.156953 0.2118 0.309688 0.193267
0 0.38957 0.494375 0.192141 0.55405
0 0.530492 0.223242 0.029422 0.031383
0 0.9225 0.427342 0.155 0.36405
0 0.782656 0.367417 0.217 0.3483
0 0.564531 0.225108 0.03425 0.032383
0 0.465016 0.218592 0.034906 0.045783
0 0.574992 0.219133 0.015078 0.0307
0 0.249648 0.435392 0.174859 0.501117
0 0.107336 0.352208 0.109078 0.168583
7 0.576844 0.2993 0.299719 0.217
0 0.43525 0.219333 0.0195 0.057133
0 0.347187 0.2236 0.020844 0.0491
3 0.71643 0.523508 0.299453 0.211717
0 0.968758 0.2392 0.037953 0.067267
0 0.49207 0.225733 0.023203 0.029133
0 0.478906 0.284167 0.957813 0.258333
