5 0.325344 0.53034 0.650688 0.71459
0 0.644695 0.68315 0.104953 0.417963
0 0.721398 0.635258 0.050578 0.22911
0 0.872648 0.638208 0.063328 0.29918
0 0.94182 0.599848 0.024828 0.124192
0 0.96868 0.588888 0.027516 0.124192
0 0.99532 0.60089 0.009359 0.124169
0 0.695039 0.636159 0.035828 0.246276
26 0.879242 0.632014 0.043266 0.120187
26 0.707508 0.630867 0.020203 0.026651
0 0.914812 0.601815 0.025531 0.112951
2 0.583219 0.556405 0.022594 0.02897
26 0.841539 0.661464 0.028422 0.0826
0 0.316047 0.536897 0.043813 0.106487
26 0.925695 0.625855 0.017391 0.033489
26 0.92068 0.59308 0.017266 0.023489
