27 0.132945 0.829552 0.075609 0.340896
27 0.839594 0.802385 0.071781 0.395229
0 0.499641 0.598875 0.449844 0.80225
0 0.160312 0.611854 0.3195 0.776292
0 0.856375 0.616812 0.28725 0.733625
0 0.714039 0.575344 0.037672 0.059354
0 0.300312 0.581771 0.09175 0.110458
65 0.926891 0.803042 0.068594 0.152
65 0.183617 0.966771 0.075266 0.066458
0 0.020242 0.570021 0.011953 0.025208
0 0.228789 0.651771 0.109516 0.11775
65 0.585703 0.826437 0.074344 0.10675
0 0.757578 0.569229 0.026937 0.024625
0 0.738336 0.577396 0.021672 0.02825
0 0.223297 0.589865 0.019062 0.056271
