8 0.508813 0.516927 0.982375 0.238521
0 0.29243 0.38774 0.080703 0.229854
0 0.467984 0.482792 0.086313 0.186708
0 0.582 0.495125 0.09325 0.173792
0 0.704063 0.501177 0.104906 0.204437
0 0.910148 0.509771 0.095047 0.196292
0 0.805133 0.500531 0.105516 0.171021
0 0.838477 0.472865 0.060984 0.143271
0 0.512578 0.456656 0.056313 0.153896
0 0.633266 0.473125 0.076125 0.128833
0 0.736875 0.464198 0.056719 0.128521
0 0.535383 0.14851 0.017859 0.045188
2 0.331875 0.135406 0.071906 0.031396
2 0.383125 0.137333 0.032938 0.022625
2 0.130406 0.128448 0.05125 0.033688
7 0.230703 0.120833 0.077438 0.050708
