33 0.68251 0.373978 0.01254 0.057412
33 0.63989 0.391022 0.00518 0.013419
0 0.26114 0.728387 0.02016 0.086358
16 0.24505 0.758163 0.02638 0.026102
0 0.38422 0.67115 0.0188 0.060383
0 0.58016 0.666166 0.01252 0.045112
0 0.48857 0.722827 0.0159 0.063546
0 0.69867 0.675447 0.0145 0.036901
0 0.78969 0.704585 0.01438 0.06853
0 0.91654 0.670575 0.01176 0.053994
0 0.48299 0.678371 0.01138 0.060831
0 0.27189 0.671118 0.02258 0.02115
0 0.34512 0.66722 0.01888 0.069776
0 0.15951 0.700495 0.02622 0.070958
0 0.35965 0.67778 0.01822 0.054537
0 0.43756 0.66885 0.01592 0.04262
16 0.9112 0.693307 0.0112 0.009872
16 0.59162 0.682045 0.01856 0.015847
0 0.242 0.714058 0.016 0.060703
