18 0.378219 0.502146 0.65 0.888167
18 0.854844 0.529031 0.287094 0.649479
18 0.926609 0.107521 0.146781 0.21075
18 0.81543 0.221031 0.121359 0.166313
18 0.490086 0.203562 0.360734 0.288042
0 0.132297 0.170792 0.176969 0.332583
0 0.523047 0.05525 0.05575 0.109458
0 0.352711 0.06751 0.035328 0.131646
18 0.760625 0.869438 0.47875 0.261125
26 0.6365 0.030198 0.049 0.056271
0 0.45375 0.061302 0.028563 0.122604
0 0.487648 0.052594 0.024047 0.104646
18 0.264586 0.284906 0.116672 0.094229
18 0.386328 0.034781 0.064969 0.068396
0 0.664117 0.089229 0.103578 0.178458
