2 0.854031 0.796406 0.291938 0.380646
3 0.684125 0.840604 0.090313 0.220375
0 0.495406 0.411333 0.13675 0.430375
0 0.434164 0.371917 0.086734 0.354333
0 0.37993 0.441427 0.118359 0.208646
7 0.40918 0.675948 0.651266 0.648104
0 0.391891 0.252844 0.055438 0.122688
0 0.350102 0.267802 0.069078 0.095396
0 0.94382 0.953937 0.107859 0.092125
2 0.013992 0.686708 0.027891 0.088667
0 0.48682 0.606844 0.145078 0.317021
0 0.611984 0.634 0.161312 0.438292
0 0.375289 0.661219 0.156484 0.426687
0 0.622328 0.26201 0.214469 0.458854
