1 0.392773 0.651938 0.565734 0.676708
2 0.950695 0.227177 0.043172 0.042063
0 0.703109 0.396042 0.071625 0.244208
0 0.428992 0.293125 0.059766 0.07675
0 0.304211 0.585396 0.281453 0.721333
0 0.047039 0.478948 0.094078 0.417396
0 0.372555 0.285552 0.032297 0.093604
0 0.406539 0.287938 0.035922 0.0805
0 0.69182 0.256927 0.033078 0.097063
0 0.843031 0.237115 0.019844 0.072271
28 0.462367 0.49049 0.112047 0.236979
0 0.883352 0.242469 0.018953 0.074854
0 0.856992 0.231812 0.014016 0.076042
0 0.793703 0.240271 0.026219 0.067792
2 0.985602 0.224792 0.028797 0.032208
28 0.766547 0.378521 0.054406 0.043375
28 0.738844 0.294292 0.051719 0.055417
28 0.62493 0.611302 0.069516 0.165063
28 0.390789 0.575042 0.133141 0.145458
0 0.276758 0.28299 0.027672 0.060021
26 0.06207 0.388063 0.121172 0.1215
0 0.302258 0.317354 0.060891 0.10825
0 0.549219 0.563542 0.898438 0.672917
