0 0.549383 0.326187 0.252266 0.38375
0 0.409398 0.234 0.177859 0.26175
0 0.638813 0.287948 0.113063 0.319354
0 0.860773 0.213708 0.057391 0.120208
0 0.250281 0.314604 0.332031 0.624708
0 0.954938 0.188875 0.063187 0.105667
54 0.495227 0.941427 0.070766 0.090729
54 0.33175 0.957969 0.072063 0.068021
54 0.440352 0.655354 0.041984 0.030542
54 0.510992 0.551677 0.059141 0.032688
54 0.57907 0.472187 0.044641 0.040083
54 0.590109 0.930063 0.070438 0.084125
54 0.427109 0.930677 0.081813 0.097187
54 0.486383 0.893469 0.085766 0.065854
54 0.501867 0.852927 0.069891 0.040813
54 0.37282 0.97125 0.087453 0.0575
54 0.292 0.900469 0.089781 0.062104
54 0.273484 0.956104 0.081313 0.060583
0 0.978852 0.159 0.042297 0.151667
0 0.880953 0.511344 0.238094 0.319729
0 0.805133 0.183865 0.090047 0.109146
0 0.340453 0.226969 0.121344 0.143813
45 0.344352 0.424906 0.098484 0.067937
45 0.424461 0.709219 0.214266 0.183604
54 0.538891 0.914375 0.042938 0.053708
0 0.948594 0.228083 0.08825 0.119667
0 0.877984 0.145927 0.027719 0.033688
67 0.811102 0.405875 0.081484 0.07375
0 0.772695 0.163 0.064422 0.120083
44 0.335492 0.275177 0.036734 0.052646
54 0.5625 0.686458 0.628125 0.622917
0 0.377344 0.183333 0.045313 0.108333
