32 0.289187 0.347482 0.02925 0.041241
38 0.604219 0.104496 0.182906 0.168525
0 0.607906 0.524052 0.073719 0.381639
0 0.252297 0.421756 0.085094 0.175597
0 0.119703 0.424614 0.138875 0.227775
0 0.058797 0.111089 0.10425 0.222178
0 0.164859 0.115012 0.108781 0.228993
0 0.19625 0.447717 0.065531 0.132342
0 0.31193 0.091674 0.070734 0.181616
0 0.506406 0.506194 0.177313 0.987611
0 0.117258 0.064262 0.067203 0.128525
0 0.22718 0.085808 0.072203 0.171616
0 0.038383 0.455937 0.076766 0.150984
0 0.051781 0.350246 0.077156 0.163864
0 0.014164 0.38329 0.026828 0.124098
