9 0.78828 0.11261 0.183173 0.21846
26 0.906867 0.81312 0.172613 0.21732
0 0.937347 0.79688 0.125307 0.40624
0 0.044947 0.61348 0.089893 0.3236
0 0.8616 0.62081 0.027253 0.06458
0 0.820773 0.61353 0.023253 0.0671
0 0.80372 0.6144 0.020987 0.07068
0 0.78976 0.60928 0.018133 0.07052
0 0.901667 0.62451 0.036347 0.06386
0 0.58124 0.57327 0.01912 0.05534
0 0.560373 0.56975 0.014773 0.0511
0 0.735693 0.59571 0.017467 0.06486
0 0.54972 0.56107 0.018107 0.04498
7 0.083653 0.45141 0.111627 0.11782
0 0.482053 0.54513 0.014293 0.03602
0 0.44644 0.53918 0.016453 0.04444
0 0.388 0.542 0.466667 0.14
