39 0.575074 0.713946 0.064395 0.229199
39 0.379346 0.813423 0.063791 0.115343
67 0.64692 0.791201 0.068121 0.04299
0 0.540768 0.535539 0.272712 0.330261
0 0.805613 0.63933 0.384265 0.487647
0 0.15281 0.649436 0.305621 0.444951
40 0.368848 0.643203 0.061389 0.155523
40 0.523194 0.767018 0.070931 0.210082
40 0.693489 0.719975 0.078448 0.19799
40 0.330694 0.605833 0.049167 0.13183
40 0.460801 0.781046 0.07866 0.184967
43 0.276454 0.782868 0.110131 0.051748
53 0.32527 0.728758 0.070408 0.048039
40 0.971838 0.493219 0.05201 0.098366
42 0.256103 0.736005 0.103578 0.043023
