17 0.647969 0.558065 0.307031 0.384942
2 0.980625 0.467063 0.038312 0.035804
2 0.096328 0.46648 0.00875 0.018322
2 0.064063 0.46472 0.04025 0.027436
2 0.828406 0.531562 0.144969 0.171329
2 0.916297 0.433531 0.059688 0.027529
2 0.981391 0.434394 0.032875 0.02324
2 0.024813 0.461608 0.026344 0.015385
2 0.163086 0.462296 0.021453 0.020583
0 0.416156 0.370991 0.085437 0.265664
0 0.130492 0.594359 0.077516 0.22979
0 0.205672 0.446317 0.069406 0.122238
17 0.67632 0.419662 0.326078 0.164452
0 0.894953 0.471608 0.008531 0.037203
2 0.908484 0.450571 0.037219 0.031911
0 0.952602 0.471981 0.009016 0.034359
0 0.904133 0.470851 0.012359 0.038438
2 0.92857 0.448007 0.032516 0.022494
2 0.124836 0.460338 0.040578 0.025291
2 0.010891 0.475152 0.021781 0.02331
2 0.084523 0.45972 0.020078 0.016037
7 0.847672 0.479382 0.091563 0.067995
2 0.482031 0.448718 0.960938 0.048951
