11 0.84717 0.856982 0.01842 0.02964
2 0.31143 0.853679 0.03622 0.036787
2 0.45172 0.834144 0.03548 0.030571
2 0.40391 0.841426 0.03742 0.028799
2 0.34911 0.852342 0.0467 0.033694
2 0.37095 0.837327 0.02694 0.023243
2 0.26793 0.867943 0.05062 0.043333
2 0.13157 0.835946 0.0403 0.029129
2 0.49158 0.808844 0.01228 0.014144
9 0.31908 0.712658 0.01328 0.058108
9 0.41326 0.708483 0.00624 0.024354
9 0.52789 0.43964 0.03054 0.086907
9 0.12311 0.481742 0.17702 0.465946
2 0.44852 0.8203 0.02036 0.014775
2 0.2716 0.822057 0.01356 0.015706
2 0.25467 0.823213 0.01514 0.020841
2 0.60914 0.846456 0.06324 0.034955
9 0.4882 0.777763 0.0138 0.046637
9 0.39913 0.715676 0.00906 0.038498
9 0.53854 0.528468 0.0164 0.093514
