1 0.2739 0.887552 0.36664 0.20603
3 0.40711 0.892627 0.25538 0.197313
3 0.52838 0.790104 0.19172 0.260925
3 0.59905 0.764746 0.1215 0.144239
3 0.39447 0.633209 0.02126 0.049701
0 0.77595 0.801776 0.10402 0.373821
1 0.46239 0.813985 0.09842 0.065821
0 0.01751 0.653224 0.03502 0.186448
0 0.61969 0.676119 0.02226 0.058328
0 0.57086 0.657433 0.01732 0.065493
0 0.51905 0.658537 0.02586 0.08609
0 0.49615 0.656388 0.0219 0.077433
24 0.8161 0.770254 0.03532 0.126896
0 0.74453 0.67106 0.02818 0.059791
0 0.66542 0.692045 0.0216 0.111015
0 0.318 0.611403 0.01428 0.071582
0 0.3792 0.621881 0.02448 0.069851
0 0.67982 0.700149 0.02212 0.060776
0 0.59552 0.660522 0.01516 0.06791
0 0.71226 0.724955 0.03792 0.219463
0 0.412 0.653731 0.572 0.167164
