56 0.11959 0.296336 0.115957 0.029453
56 0.130441 0.212078 0.118997 0.027313
0 0.569559 0.465102 0.519726 0.677609
0 0.756185 0.358906 0.155532 0.110813
0 0.18965 0.330031 0.178815 0.095875
0 0.050365 0.330406 0.100365 0.100063
0 0.719574 0.074078 0.199818 0.1165
35 0.629043 0.367109 0.151216 0.079656
0 0.113511 0.15382 0.227021 0.125703
0 0.344909 0.078469 0.154073 0.155719
0 0.468328 0.051578 0.125532 0.091
56 0.142538 0.242406 0.140091 0.030594
56 0.259362 0.214336 0.127295 0.032297
56 0.146337 0.272125 0.131824 0.029688
56 0.044696 0.269055 0.089392 0.033672
56 0.246945 0.184078 0.136322 0.029688
56 0.368663 0.185484 0.108754 0.033063
0 0.695456 0.237852 0.128055 0.099672
0 0.571733 0.045609 0.151611 0.089594
56 0.03614 0.238805 0.07228 0.027141
56 0.033997 0.212922 0.060942 0.028344
56 0.26041 0.241547 0.125502 0.031969
0 0.94304 0.357172 0.113921 0.111938
0 0.286657 0.32607 0.097933 0.111328
0 0.856018 0.320242 0.087112 0.076047
0 0.826748 0.226562 0.340426 0.296875
