56 0.225 0.795698 0.240313 0.408604
57 0.856492 0.808156 0.287016 0.356229
63 0.132344 0.591333 0.188844 0.154208
73 0.587703 0.71125 0.151969 0.085333
73 0.59943 0.839573 0.016891 0.090146
73 0.589094 0.825635 0.148594 0.117104
73 0.433438 0.727625 0.033156 0.092208
73 0.498336 0.73324 0.022391 0.089521
73 0.36557 0.726094 0.018453 0.108021
73 0.390961 0.730135 0.006234 0.084937
73 0.47057 0.862094 0.073547 0.031354
24 0.882 0.735344 0.139375 0.212271
39 0.036367 0.612833 0.036359 0.1365
56 0.014289 0.842021 0.017078 0.071583
56 0.003063 0.844792 0.004625 0.081
73 0.046266 0.70051 0.092531 0.054021
