56 0.625461 0.424721 0.102609 0.191727
56 0.389305 0.289819 0.096266 0.17
38 0.394977 0.682061 0.035109 0.14585
0 0.409039 0.582813 0.195172 0.568579
0 0.622367 0.169011 0.055641 0.12649
0 0.20082 0.164457 0.072703 0.131309
0 0.246625 0.116852 0.061375 0.202228
0 0.81232 0.161351 0.086141 0.143092
0 0.493328 0.162813 0.056719 0.134819
0 0.682883 0.168357 0.061766 0.124123
0 0.535812 0.11337 0.055938 0.155042
0 0.541391 0.184359 0.048313 0.093621
0 0.146219 0.166295 0.0605 0.134819
0 0.89893 0.466156 0.098609 0.201894
0 0.749164 0.16493 0.063016 0.133872
56 0.706594 0.395794 0.102531 0.252758
56 0.30975 0.138454 0.036875 0.160139
56 0.401 0.184471 0.068031 0.060641
0 0.433148 0.172591 0.063359 0.129471
39 0.693133 0.499805 0.011609 0.04585
0 0.5 0.16156 0.996875 0.32312
