15 0.505343 0.49775 0.492941 0.57302
45 0.533002 0.74442 0.649191 0.24248
73 0.059216 0.15019 0.057843 0.15282
56 0.43098 0.11573 0.322206 0.22246
56 0.771103 0.29775 0.457157 0.56854
73 0.06239 0.33338 0.06723 0.16844
73 0.023407 0.33371 0.024804 0.16854
73 0.531765 0.0864 0.07652 0.05184
73 0.017181 0.15436 0.033578 0.13988
73 0.701311 0.02556 0.016005 0.04928
73 0.5169 0.14901 0.050172 0.04214
73 0.684583 0.02566 0.016765 0.04892
73 0.653002 0.02515 0.134583 0.0503
57 0.779387 0.30298 0.441225 0.56996
