4 0.3233 0.521897 0.6466 0.921348
5 0.80933 0.40674 0.37706 0.296614
7 0.95683 0.166317 0.0407 0.038025
7 0.94254 0.196034 0.03604 0.030125
26 0.54454 0.509044 0.01788 0.06442
26 0.84103 0.539702 0.01694 0.033824
28 0.60088 0.629734 0.026 0.109122
0 0.83453 0.400831 0.02682 0.087555
0 0.91685 0.804498 0.07598 0.292132
0 0.558 0.525078 0.03176 0.139812
0 0.36488 0.362915 0.01292 0.074169
0 0.61406 0.566332 0.0332 0.173166
0 0.82062 0.477445 0.02912 0.126238
0 0.85028 0.56953 0.04604 0.161944
0 0.88938 0.622288 0.06288 0.181003
0 0.72414 0.604969 0.05132 0.195204
4 0.98987 0.101317 0.02026 0.012853
26 0.63244 0.57116 0.01124 0.027398
26 0.90623 0.590784 0.01694 0.065831
28 0.74579 0.648197 0.02986 0.061034
0 0.4869 0.423605 0.03624 0.09116
0 0.7826 0.463699 0.03444 0.139248
0 0.95557 0.638119 0.0887 0.208527
24 0.93734 0.789953 0.0378 0.114577
24 0.81675 0.570376 0.02574 0.071348
24 0.4347 0.387367 0.01028 0.031599
24 0.47273 0.398605 0.01366 0.035956
24 0.26428 0.40884 0.01536 0.025266
24 0.82333 0.457492 0.01706 0.047085
24 0.78823 0.44047 0.02134 0.058746
24 0.98284 0.618103 0.03244 0.094451
24 0.90511 0.586442 0.0223 0.062476
24 0.49776 0.386082 0.00764 0.011097
26 0.70071 0.653495 0.02454 0.062915
0 0.80164 0.600408 0.0458 0.185455
28 0.7003 0.653166 0.02424 0.061379
7 0.98483 0.194796 0.03034 0.027586
26 0.91329 0.646395 0.01438 0.050909
26 0.98303 0.616928 0.03062 0.092978
26 0.5614 0.515972 0.01196 0.051944
0 0.561 0.418495 0.634 0.548589
