54 0.480177 0.366008 0.099604 0.120609
54 0.548104 0.359766 0.091458 0.123469
54 0.619417 0.360078 0.097042 0.135187
54 0.675906 0.355102 0.076604 0.145141
54 0.4505 0.287453 0.074625 0.063344
60 0.5015 0.49382 0.997 0.986516
54 0.565042 0.277664 0.064958 0.063484
54 0.534125 0.214398 0.14775 0.054891
54 0.280583 0.747914 0.250625 0.172297
54 0.079854 0.738961 0.155708 0.166578
54 0.50875 0.276711 0.079792 0.064047
54 0.2355 0.910391 0.270125 0.179219
44 0.701427 0.019664 0.129729 0.036297
54 0.622062 0.265484 0.051917 0.05625
43 0.67974 0.053195 0.078354 0.028891
54 0.446875 0.527344 0.89375 0.935938
