30 0.360156 0.882967 0.03325 0.008723
31 0.305867 0.889255 0.097984 0.136383
0 0.612852 0.804669 0.145172 0.390662
0 0.43768 0.765201 0.053766 0.239905
0 0.540516 0.753274 0.065969 0.285414
0 0.295563 0.74831 0.053469 0.206738
0 0.231992 0.812009 0.104828 0.309031
0 0.361594 0.8087 0.042656 0.157494
0 0.735102 0.766702 0.074953 0.234917
0 0.804 0.749184 0.057469 0.289054
0 0.681734 0.763889 0.052344 0.219598
0 0.023773 0.764645 0.037766 0.168109
30 0.529742 0.889255 0.066953 0.010378
30 0.819727 0.889456 0.065016 0.017541
0 0.329438 0.80974 0.022906 0.070733
30 0.155008 0.754196 0.100578 0.491608
30 0.742359 0.88805 0.081531 0.03
30 0.047484 0.79169 0.034406 0.265697
30 0.011305 0.75318 0.022609 0.224137
0 0.724875 0.747494 0.047813 0.271584
