24 0.69872 0.63753 0.03252 0.077874
0 0.68037 0.626976 0.04354 0.195509
0 0.80939 0.655778 0.07402 0.101677
0 0.84188 0.631527 0.08688 0.127725
0 0.4317 0.691856 0.01796 0.045749
0 0.51945 0.686542 0.00694 0.015539
0 0.95516 0.672635 0.0292 0.079222
0 0.97421 0.661916 0.0227 0.02994
0 0.56727 0.666048 0.02222 0.061257
0 0.62801 0.649431 0.01426 0.04497
0 0.05491 0.735524 0.0125 0.035359
0 0.22465 0.605404 0.01178 0.035659
0 0.63547 0.670464 0.0123 0.041527
8 0.20405 0.694805 0.03762 0.05997
25 0.90707 0.617485 0.11646 0.139162
26 0.70129 0.629431 0.01138 0.046826
8 0.96225 0.689371 0.07514 0.042754
37 0.49313 0.713728 0.20986 0.045778
26 0.70479 0.665165 0.02058 0.026617
33 0.31342 0.636662 0.01088 0.028952
33 0.4838 0.716422 0.2296 0.054281
25 0.76802 0.649027 0.03312 0.019072
0 0.345 0.709581 0.166 0.065868
