18 0.768039 0.522698 0.058141 0.072063
18 0.609758 0.515698 0.033547 0.049604
18 0.50393 0.488302 0.050609 0.058604
18 0.406234 0.496552 0.040031 0.059479
18 0.345086 0.492729 0.052422 0.058333
18 0.658656 0.518302 0.051031 0.049896
18 0.549445 0.503937 0.054297 0.064
18 0.293172 0.489031 0.040781 0.057729
18 0.379766 0.478854 0.037469 0.059
18 0.463227 0.47974 0.033859 0.058104
18 0.640148 0.472979 0.046828 0.024
18 0.734281 0.504583 0.061344 0.072667
0 0.86307 0.526896 0.043203 0.187208
18 0.935125 0.517375 0.075156 0.069583
18 0.75168 0.504687 0.067328 0.067083
18 0.676984 0.508271 0.068937 0.06375
18 0.631086 0.506271 0.030422 0.054208
18 0.27668 0.465469 0.036672 0.051021
18 0.565039 0.44774 0.036703 0.022229
18 0.432813 0.489583 0.41875 0.108333
