51 0.271 0.645269 0.05025 0.063513
69 0.503766 0.492131 0.989531 0.984262
51 0.391375 0.764063 0.087406 0.076885
51 0.410391 0.642881 0.048781 0.057845
51 0.451969 0.473068 0.042563 0.056393
51 0.15518 0.622096 0.043484 0.076417
51 0.261422 0.416124 0.030594 0.075621
51 0.330813 0.751136 0.040063 0.06911
51 0.512414 0.726979 0.045641 0.083888
51 0.305859 0.551136 0.0245 0.076417
51 0.266602 0.592564 0.045547 0.051686
51 0.283508 0.370457 0.053953 0.07267
51 0.572328 0.362436 0.0525 0.072693
39 0.063117 0.23548 0.126234 0.47096
51 0.245352 0.417506 0.028391 0.079602
51 0.4375 0.542155 0.5375 0.569087
