2 0.757635 0.195563 0.046437 0.057344
0 0.052417 0.276562 0.080417 0.150094
0 0.57426 0.164953 0.015063 0.043469
0 0.3685 0.188578 0.04425 0.078438
0 0.485594 0.193586 0.035021 0.076922
0 0.462667 0.198148 0.024917 0.066547
0 0.417854 0.198953 0.031458 0.066687
0 0.428646 0.178789 0.0155 0.041891
0 0.599906 0.171875 0.014437 0.031188
0 0.397208 0.192563 0.023167 0.066594
1 0.180021 0.31768 0.076583 0.103891
3 0.709531 0.260742 0.212979 0.068297
7 0.961396 0.131516 0.077208 0.11475
9 0.849771 0.076375 0.009083 0.014469
9 0.810656 0.096461 0.008146 0.007609
9 0.730031 0.120195 0.012229 0.009172
10 0.422615 0.249047 0.027354 0.051687
0 0.72775 0.147461 0.01325 0.027734
1 0.747333 0.388984 0.077833 0.061438
2 0.863115 0.19482 0.156479 0.135609
3 0.619844 0.384367 0.444271 0.168734
3 0.806437 0.378563 0.149583 0.109563
3 0.772042 0.317672 0.154625 0.078906
3 0.841656 0.323328 0.043188 0.060313
3 0.722167 0.243672 0.136 0.019719
3 0.763406 0.240664 0.193646 0.082859
0 0.099979 0.175977 0.043458 0.031109
3 0.547312 0.466406 0.640792 0.29725
0 0.55074 0.174281 0.019938 0.059813
0 0.632698 0.143789 0.012771 0.014547
3 0.479656 0.751156 0.959313 0.45975
3 0.729948 0.281984 0.219146 0.050687
3 0.544312 0.353375 0.135167 0.040844
3 0.661719 0.242688 0.080312 0.039844
0 0.715625 0.154688 0.152083 0.05625
3 0.579167 0.459375 0.691667 0.63125
