0 0.321609 0.68082 0.020219 0.036614
0 0.44918 0.717037 0.027516 0.046085
0 0.242312 0.612103 0.030125 0.034206
0 0.193023 0.472989 0.009891 0.011005
0 0.18157 0.557725 0.013703 0.013122
37 0.454148 0.895423 0.086422 0.02164
37 0.440766 0.714537 0.021281 0.021561
0 0.866047 0.432447 0.001969 0.020026
0 0.844234 0.419577 0.008 0.022751
0 0.23357 0.580013 0.009516 0.027381
0 0.442023 0.880066 0.076141 0.042989
0 0.391789 0.451495 0.008828 0.005582
0 0.44843 0.491521 0.004453 0.013042
0 0.208328 0.49578 0.025719 0.016429
37 0.256789 0.607235 0.004016 0.009074
37 0.316336 0.692923 0.011828 0.015582
37 0.257195 0.57869 0.010578 0.01045
37 0.181531 0.565635 0.007875 0.005238
37 0.214313 0.494444 0.013875 0.009735
37 0.380875 0.489392 0.031062 0.00455
37 0.248164 0.624259 0.023203 0.022063
0 0.596094 0.437831 0.754688 0.12963
37 0.325 0.456349 0.2875 0.097884
