0 0.333914 0.378177 0.213203 0.358063
0 0.603703 0.375823 0.232063 0.410312
0 0.849922 0.473604 0.300156 0.57525
63 0.591695 0.739615 0.353453 0.520771
63 0.647867 0.57325 0.267891 0.231583
63 0.235102 0.51274 0.201891 0.145771
63 0.206336 0.673177 0.409797 0.625312
64 0.783117 0.768677 0.128453 0.058812
66 0.817422 0.869667 0.20225 0.229208
0 0.92 0.178698 0.078281 0.157646
0 0.08343 0.299937 0.160109 0.20225
0 0.908594 0.922146 0.182813 0.135583
0 0.601547 0.153052 0.055656 0.060021
0 0.502523 0.270344 0.140172 0.287854
41 0.08557 0.599948 0.068797 0.131396
63 0.722625 0.275479 0.056563 0.110375
66 0.583656 0.858427 0.172313 0.207146
66 0.683188 0.628979 0.106656 0.078333
66 0.025281 0.61124 0.047188 0.058438
41 0.441539 0.9345 0.099797 0.131
41 0.453 0.892531 0.119781 0.200271
41 0.594727 0.671885 0.076172 0.169271
66 0.312078 0.544042 0.031906 0.029875
0 0.77682 0.303021 0.122453 0.319583
