39 0.642141 0.566323 0.031219 0.087896
39 0.43893 0.661729 0.057984 0.241417
39 0.407273 0.572083 0.028234 0.110708
56 0.694438 0.931781 0.28775 0.136437
60 0.502062 0.730854 0.75 0.505875
0 0.745539 0.445094 0.077578 0.157396
0 0.564406 0.38075 0.194469 0.282875
0 0.391258 0.48576 0.145234 0.216771
25 0.654438 0.211615 0.388688 0.229396
25 0.373758 0.430219 0.328641 0.243021
25 0.891852 0.306896 0.216297 0.191
56 0.479164 0.320188 0.061672 0.055083
41 0.633438 0.499583 0.02925 0.041958
41 0.501289 0.73624 0.037359 0.092729
42 0.318359 0.865083 0.029094 0.103042
42 0.758984 0.652688 0.01175 0.059667
42 0.657055 0.753052 0.114672 0.047688
43 0.368258 0.845385 0.008422 0.087646
43 0.745617 0.65126 0.017797 0.075813
43 0.336047 0.676885 0.067844 0.045646
44 0.52607 0.522333 0.043953 0.045792
44 0.549773 0.61274 0.040547 0.038396
44 0.759609 0.653875 0.012188 0.05775
44 0.380789 0.624271 0.012828 0.057083
45 0.481281 0.699771 0.076375 0.077667
45 0.622922 0.647354 0.129969 0.093583
45 0.482258 0.622781 0.144703 0.096479
45 0.637188 0.559375 0.087813 0.084292
41 0.454852 0.768281 0.042672 0.097021
41 0.328094 0.69574 0.038469 0.086396
41 0.502688 0.561333 0.028281 0.033542
41 0.673414 0.59075 0.023047 0.06325
43 0.560539 0.507427 0.047984 0.019062
56 0.783938 0.495979 0.017563 0.056208
0 0.880125 0.751115 0.23975 0.427437
43 0.371586 0.837844 0.023766 0.097813
39 0.715852 0.619583 0.041953 0.1395
41 0.606063 0.503573 0.023312 0.040937
45 0.548813 0.54724 0.066375 0.067437
0 0.144352 0.546167 0.288703 0.907667
