2 0.794664 0.776406 0.058984 0.056187
2 0.906953 0.780312 0.065844 0.0555
2 0.175844 0.78924 0.024906 0.030229
2 0.130625 0.79326 0.025281 0.026979
29 0.383641 0.540563 0.031938 0.01475
0 0.209703 0.734479 0.088563 0.286333
0 0.385797 0.718417 0.0895 0.320833
0 0.449367 0.718167 0.090109 0.328833
0 0.856414 0.741635 0.053422 0.271063
0 0.547766 0.759354 0.055688 0.220333
0 0.609609 0.755604 0.090094 0.246625
0 0.342516 0.711146 0.0775 0.295583
0 0.304938 0.764656 0.043656 0.134646
0 0.500281 0.725698 0.091656 0.300646
