33 0.39325 0.036067 0.08078 0.069413
33 0.32774 0.175573 0.06116 0.052587
33 0.4572 0.11084 0.06008 0.100453
33 0.5854 0.022307 0.07996 0.042053
33 0.74823 0.014613 0.05086 0.029227
33 0.96813 0.150347 0.05406 0.044693
33 0.26778 0.03284 0.03524 0.035067
0 0.22544 0.732693 0.13684 0.5224
0 0.59876 0.581973 0.01944 0.094133
0 0.50694 0.622253 0.0542 0.226693
0 0.54651 0.62248 0.08518 0.29088
0 0.81565 0.564893 0.03678 0.10392
0 0.86034 0.58016 0.05316 0.18368
0 0.96049 0.60776 0.07054 0.3328
0 0.33397 0.628453 0.06102 0.179307
0 0.83394 0.556253 0.0132 0.06728
0 0.75261 0.528853 0.01026 0.037173
0 0.67639 0.570067 0.01698 0.073413
33 0.48416 0.218093 0.0284 0.025893
33 0.16132 0.324533 0.025 0.02032
0 0.64763 0.527427 0.00446 0.02648
33 0.15731 0.371667 0.02162 0.018533
33 0.80623 0.258733 0.0129 0.01336
33 0.4802 0.011693 0.0448 0.023387
0 0.66115 0.534467 0.0093 0.034
0 0.771 0.534667 0.11 0.072
