45 0.593328 0.509865 0.813344 0.979354
73 0.048031 0.540448 0.096062 0.487646
51 0.623375 0.737667 0.04675 0.176625
51 0.631922 0.50574 0.084375 0.117896
51 0.42675 0.677812 0.201813 0.133667
51 0.399125 0.357292 0.074313 0.240042
51 0.519656 0.24099 0.028719 0.200063
51 0.541469 0.774146 0.115125 0.059333
51 0.696922 0.720146 0.09 0.044833
51 0.683891 0.356615 0.027938 0.066312
51 0.447656 0.27449 0.02625 0.043229
51 0.650672 0.44699 0.116312 0.060854
51 0.698937 0.56225 0.051969 0.146792
51 0.823078 0.719656 0.065 0.089521
60 0.234742 0.297406 0.465578 0.548063
51 0.304258 0.335562 0.053266 0.162208
69 0.226266 0.710385 0.452531 0.579229
51 0.541406 0.541667 0.295313 0.829167
