0 0.413195 0.440449 0.158859 0.188775
0 0.295086 0.595 0.091141 0.160591
0 0.20907 0.619365 0.196203 0.418906
0 0.636867 0.552932 0.678672 0.873873
51 0.545266 0.934442 0.137125 0.053042
51 0.525961 0.909945 0.084359 0.033764
52 0.366031 0.716608 0.224375 0.108053
52 0.496172 0.947582 0.242938 0.090481
52 0.486141 0.89209 0.015531 0.018053
0 0.022422 0.571641 0.043813 0.12512
0 0.34968 0.621893 0.043578 0.071269
0 0.096914 0.573698 0.091516 0.143589
52 0.420164 0.936565 0.097859 0.061882
0 0.084875 0.823249 0.16975 0.328162
52 0.522141 0.921379 0.075625 0.026696
52 0.52757 0.912243 0.080734 0.013807
52 0.527188 0.900952 0.07375 0.015646
