33 0.194266 0.22976 0.087455 0.07832
33 0.628713 0.27419 0.019701 0.0105
0 0.530269 0.8429 0.035449 0.05392
0 0.263293 0.83119 0.015928 0.01666
0 0.223353 0.85087 0.037126 0.03646
0 0.808278 0.82522 0.02482 0.04204
0 0.346228 0.84129 0.033413 0.05642
0 0.412874 0.83904 0.033114 0.06744
0 0.433293 0.83906 0.022275 0.0632
0 0.582829 0.85125 0.02512 0.04002
0 0.063099 0.83404 0.033922 0.0694
0 0.288249 0.84461 0.021766 0.05126
0 0.56976 0.82842 0.017126 0.03936
0 0.708728 0.84043 0.027096 0.04726
33 0.099251 0.85668 0.05 0.03212
33 0.774775 0.76942 0.048533 0.15888
0 0.147305 0.82519 0.019341 0.03354
0 0.685629 0.837 0.035928 0.054
