5 0.39198 0.496853 0.02904 0.031147
2 0.17696 0.55324 0.06068 0.07864
2 0.32094 0.51696 0.0222 0.024747
2 0.37605 0.521893 0.03614 0.031733
2 0.07446 0.577933 0.1274 0.087707
2 0.34556 0.50116 0.04004 0.01592
2 0.42377 0.526147 0.02354 0.027653
2 0.34948 0.513813 0.02488 0.031947
2 0.51553 0.539613 0.02886 0.035653
2 0.45658 0.502107 0.02468 0.01232
2 0.51652 0.505533 0.02376 0.03304
2 0.11801 0.539667 0.06734 0.059067
2 0.22929 0.546333 0.04466 0.056613
2 0.30134 0.539013 0.04368 0.041547
2 0.36 0.522667 0.716 0.112
