41 0.79325 0.396639 0.105281 0.142037
63 0.5315 0.503361 0.646188 0.844941
64 0.937766 0.614941 0.1225 0.137705
73 0.607219 0.065164 0.080969 0.125831
73 0.473906 0.054485 0.04425 0.10897
73 0.664555 0.120023 0.088391 0.237049
73 0.500766 0.059555 0.065969 0.110117
73 0.565 0.063056 0.096125 0.122178
73 0.652734 0.106686 0.0745 0.213372
73 0.45418 0.053208 0.056234 0.105855
73 0.421289 0.050726 0.035734 0.1
73 0.409977 0.050258 0.035422 0.100515
41 0.75668 0.348595 0.055953 0.112412
66 0.493477 0.57041 0.474203 0.192623
73 0.632531 0.085035 0.05525 0.123326
73 0.395336 0.047845 0.033703 0.095691
66 0.705219 0.424075 0.127406 0.082061
73 0.436219 0.051183 0.036281 0.102365
73 0.532328 0.058665 0.046781 0.110398
