56 0.10236 0.806784 0.07312 0.229163
56 0.1875 0.644714 0.175 0.431718
57 0.56115 0.647203 0.53506 0.430617
73 0.59787 0.286211 0.0797 0.04326
73 0.60765 0.354493 0.00626 0.037797
60 0.82792 0.522423 0.0782 0.185198
73 0.56951 0.400947 0.0043 0.030881
73 0.56076 0.338304 0.014 0.055286
73 0.61371 0.356476 0.00734 0.034273
73 0.60005 0.35337 0.00638 0.03511
73 0.59581 0.354978 0.00398 0.034009
73 0.58149 0.352357 0.0269 0.03837
73 0.63367 0.354868 0.0051 0.040837
73 0.56803 0.400925 0.00678 0.03163
73 0.62368 0.353855 0.00724 0.036256
62 0.07656 0.306057 0.03696 0.608414
